,Player,Tm,Pos,Age,Fumbles,FantasyPoints,TDs,YDs,Touches
3420,Mike Hart,IND,RB,23.0,0.0,23.4,1.0,124.0,31.0
3421,T.J. Hockenson,DET,TE,22.0,0.0,80.7,2.0,367.0,32.0
3422,Emmanuel Sanders,DEN,WR,27.0,1.0,299.7999999999999,9.0,1448.0,109.0
3423,Brian Hoyer,NWE,QB,25.0,0.0,6.079999999999999,1.0,114.0,25.0
3424,Dez Bryant,DAL,WR,25.0,3.0,292.4000000000001,13.0,1234.0,94.0
3425,Bo Scaife,TEN,TE,28.0,1.0,93.0,1.0,440.0,45.0
3426,Willis McGahee,BAL,RB,28.0,1.0,159.9,14.0,629.0,124.0
3427,Bernard Pierce,BAL,RB,23.0,1.0,49.9,2.0,379.0,95.0
3428,Naaman Roosevelt,BUF,WR,23.0,0.0,23.2,0.0,142.0,10.0
3429,Chad Hall,PHI,WR,24.0,0.0,31.4,1.0,144.0,20.0
3430,Joseph Fauria,DET,TE,23.0,0.0,80.7,7.0,207.0,18.0
3431,Josh McCown,CLE,QB,36.0,9.0,128.16000000000003,13.0,2207.0,312.0
3432,Larry Fitzgerald,ARI,WR,35.0,0.0,183.68,7.0,766.0,70.0
3433,Justin Hunter,TEN,WR,24.0,0.0,54.4,1.0,264.0,22.0
3434,Robert Turbin,IND,RB,28.0,0.0,25.9,1.0,109.0,32.0
3435,Alfred Blue,HOU,RB,25.0,2.0,62.0,1.0,460.0,112.0
3436,A.J. Derby,2TM,TE,25.0,1.0,30.0,0.0,160.0,16.0
3437,Travis Kelce,KAN,TE,26.0,2.0,185.5,5.0,875.0,72.0
3438,Dez Bryant,DAL,WR,26.0,1.0,316.0,16.0,1320.0,88.0
3439,Tyrod Taylor,BUF,QB,26.0,9.0,269.6,24.0,3607.0,485.0
3440,Dontrell Hilliard,CLE,RB,23.0,0.0,17.5,0.0,105.0,10.0
3441,Sam Darnold,NYJ,QB,21.0,5.0,168.4,18.0,3003.0,458.0
3442,Stefon Diggs,MIN,WR,26.0,4.0,212.1,6.0,1191.0,69.0
3443,Mike Brown,JAX,WR,24.0,2.0,86.6,2.0,446.0,32.0
3444,Mike Davis,SFO,RB,22.0,0.0,16.6,0.0,96.0,42.0
3445,Seth Devalve,JAX,TE,26.0,0.0,26.0,0.0,140.0,12.0
3446,Jermichael Finley,GNB,TE,24.0,0.0,179.7,8.0,767.0,55.0
3447,Mike Gillislee,BUF,RB,26.0,1.0,125.7,9.0,627.0,110.0
3448,Crockett Gillmore,BAL,TE,24.0,0.0,98.2,4.0,412.0,33.0
3449,Domenik Hixon,NYG,WR,28.0,0.0,107.7,2.0,567.0,39.0
3450,Tyreek Hill,KAN,WR,23.0,2.0,239.2,7.0,1242.0,93.0
3451,Justin Griffith,SEA,RB,29.0,1.0,35.4,1.0,124.0,23.0
3452,Aaron Ripkowski,GNB,RB,24.0,0.0,46.6,3.0,196.0,43.0
3453,Vernon Davis,2TM,TE,31.0,0.0,77.5,0.0,395.0,38.0
3454,Dontrell Hilliard,CLE,RB,24.0,2.0,38.1,2.0,141.0,25.0
3455,Devery Henderson,NOR,WR,28.0,0.0,87.2,1.0,472.0,37.0
3456,Bilal Powell,NYJ,RB,31.0,0.0,33.2,0.0,262.0,67.0
3457,Travis Kelce,KAN,TE,30.0,1.0,254.3,6.0,1233.0,98.0
3458,Darren Sproles,SDG,RB,27.0,3.0,141.7,2.0,787.0,109.0
3459,LaDainian Tomlinson,NYJ,RB,31.0,3.0,216.2,6.0,1282.0,271.0
3460,Nick Foles,PHI,QB,23.0,8.0,86.16,7.0,1741.0,276.0
3461,Tarik Cohen,CHI,RB,23.0,7.0,233.94000000000003,9.0,1170.0,171.0
3462,Lance Long,2TM,WR,24.0,1.0,37.7,0.0,177.0,21.0
3463,Louis Murphy,TAM,WR,28.0,0.0,29.8,0.0,198.0,10.0
3464,DuJuan Harris,2TM,RB,27.0,1.0,35.59999999999999,0.0,286.0,57.0
3465,Pierre Garcon,WAS,WR,30.0,0.0,201.1,3.0,1041.0,79.0
3466,Ryan Fitzpatrick,TAM,QB,36.0,4.0,163.83999999999997,19.0,2518.0,282.0
3467,Troy Niklas,ARI,TE,25.0,0.0,30.2,1.0,132.0,11.0
3468,Charles Clay,BUF,TE,27.0,0.0,136.2,4.0,552.0,57.0
3469,Brice Butler,DAL,WR,26.0,0.0,55.9,3.0,219.0,16.0
3470,Blaine Gabbert,TEN,QB,29.0,0.0,33.04,4.0,626.0,107.0
3471,Charlie Batch,PIT,QB,36.0,2.0,23.08,3.0,382.0,56.0
3472,Eddie Lacy,GNB,RB,26.0,0.0,42.8,0.0,388.0,75.0
3473,Cole Beasley,DAL,WR,29.0,0.0,150.2,3.0,672.0,66.0
3474,Jeremy Maclin,BAL,WR,29.0,0.0,102.0,3.0,440.0,40.0
3475,DeAngelo Williams,CAR,RB,28.0,0.0,155.1,7.0,971.0,171.0
3476,James Conner,PIT,RB,24.0,1.0,145.5,7.0,715.0,150.0
3477,Diontae Johnson,PIT,WR,23.0,5.0,157.1,5.0,721.0,63.0
3478,Tony Gonzalez,ATL,TE,33.0,0.0,205.7,6.0,867.0,83.0
3479,Brent Celek,PHI,TE,29.0,1.0,70.0,1.0,340.0,32.0
3480,Kenny Stills,MIA,WR,26.0,1.0,132.42,7.0,556.0,38.0
3481,Dallas Clark,IND,TE,31.0,0.0,89.7,3.0,347.0,37.0
3482,Jabar Gaffney,WAS,WR,31.0,1.0,190.7,5.0,947.0,68.0
3483,Mewelde Moore,PIT,RB,27.0,0.0,64.34,3.0,277.0,57.0
3484,Allen Hurns,JAX,WR,24.0,2.0,225.1,10.0,1031.0,64.0
3485,Dion Sims,CHI,TE,26.0,0.0,39.0,1.0,180.0,15.0
3486,Deon Butler,SEA,WR,24.0,0.0,99.1,4.0,391.0,38.0
3487,Tony Romo,DAL,QB,29.0,6.0,273.82,27.0,4588.0,585.0
3488,Jerome Felton,DET,RB,23.0,0.0,30.9,0.0,179.0,28.0
3489,Javontee Herndon,SDG,WR,24.0,2.0,42.8,0.0,208.0,25.0
3490,Brock Osweiler,DEN,QB,24.0,0.0,6.08,1.0,52.0,18.0
3491,Wendell Smallwood,PHI,RB,24.0,2.0,115.4,5.0,594.0,115.0
3492,Beanie Wells,ARI,RB,23.0,4.0,175.9,10.0,1099.0,255.0
3493,C.J. Spiller,BUF,RB,23.0,5.0,68.0,1.0,440.0,98.0
3494,Moran Norris,SFO,RB,31.0,1.0,18.2,1.0,72.0,21.0
3495,Marcedes Lewis,JAX,TE,26.0,2.0,184.0,10.0,700.0,58.0
3496,Jacoby Jones,BAL,WR,28.0,2.0,77.19999999999997,1.0,412.0,31.0
3497,Kerryon Johnson,DET,RB,21.0,1.0,139.39999999999998,4.0,854.0,150.0
3498,Erik Lorig,TAM,RB,27.0,0.0,15.7,0.0,47.0,11.0
3499,T.Y. Hilton,IND,WR,26.0,1.0,211.4,5.0,1124.0,69.0
3500,Andrew Luck,IND,QB,26.0,3.0,128.84,15.0,2077.0,326.0
3501,Amari Cooper,2TM,WR,24.0,2.0,215.5,7.0,1025.0,77.0
3502,Ted Ginn,SFO,WR,26.0,0.0,47.8,0.0,288.0,27.0
3503,Donte Moncrief,IND,WR,22.0,0.0,173.3,6.0,733.0,64.0
3504,Justin Gage,TEN,WR,28.0,0.0,84.3,3.0,383.0,28.0
3505,Matt Ryan,ATL,QB,25.0,4.0,246.4,28.0,3827.0,617.0
3506,Jeff Cumberland,NYJ,TE,25.0,0.0,82.9,3.0,359.0,29.0
3507,Seyi Ajirotutu,SDG,WR,23.0,0.0,51.2,2.0,262.0,13.0
3508,Dri Archer,PIT,WR,23.0,0.0,13.3,0.0,63.0,17.0
3509,Matt Cassel,DET,QB,36.0,0.0,1.66,0.0,72.0,19.0
3510,Trey Quinn,WAS,WR,23.0,0.0,22.5,1.0,75.0,10.0
3511,Robert Meachem,SDG,WR,28.0,0.0,46.1,2.0,201.0,15.0
3512,Brandon Bolden,NWE,RB,22.0,0.0,42.5,2.0,285.0,58.0
3513,Zach Mettenberger,TEN,QB,24.0,4.0,42.2,5.0,943.0,175.0
3514,Giovani Bernard,CIN,RB,23.0,0.0,187.9,7.0,1029.0,211.0
3515,Charles Clay,BUF,TE,29.0,1.0,37.4,0.0,184.0,21.0
3516,Michael Bush,CHI,RB,29.0,0.0,52.5,4.0,245.0,67.0
3517,Julius Thomas,JAX,TE,27.0,0.0,121.5,5.0,455.0,46.0
3518,Ben Roethlisberger,PIT,QB,29.0,9.0,216.08,21.0,4147.0,544.0
3519,Rishard Matthews,MIA,WR,26.0,0.0,133.6,4.0,666.0,44.0
3520,Jacoby Brissett,IND,QB,26.0,0.0,-0.62,0.0,-5.0,11.0
3521,Ezekiel Elliott,DAL,RB,22.0,1.0,203.2,9.0,1252.0,268.0
3522,Roy Helu,WAS,RB,25.0,2.0,107.5,4.0,525.0,93.0
3523,Aaron Hernandez,NWE,TE,23.0,0.0,129.8,5.0,488.0,52.0
3524,Justin Blackmon,JAX,WR,22.0,1.0,182.8,5.0,888.0,66.0
3525,Dion Lewis,TEN,RB,29.0,1.0,66.3,1.0,373.0,79.0
3526,DeAndre Washington,OAK,RB,23.0,1.0,85.2,2.0,582.0,104.0
3527,Christian McCaffrey,CAR,RB,23.0,1.0,469.2,19.0,2392.0,405.0
3528,Jarryd Hayne,SFO,RB,27.0,3.0,11.9,0.0,79.0,23.0
3529,Giovani Bernard,CIN,RB,27.0,0.0,95.9,3.0,429.0,91.0
3530,Felix Jones,DAL,RB,22.0,3.0,113.4,3.0,804.0,135.0
3531,Daryl Richardson,STL,RB,22.0,3.0,83.8,0.0,638.0,122.0
3532,Joe Mixon,CIN,RB,23.0,0.0,225.4,8.0,1424.0,313.0
3533,Charles Johnson,MIN,WR,27.0,0.0,43.2,0.0,232.0,20.0
3534,Brice Butler,DAL,WR,27.0,0.0,64.7,3.0,317.0,15.0
3535,DeVante Parker,MIA,WR,23.0,0.0,154.4,4.0,744.0,56.0
3536,Ben Patrick,ARI,TE,26.0,1.0,27.3,0.0,123.0,15.0
3537,Hakeem Nicks,NYG,WR,21.0,2.0,162.8,6.0,798.0,49.0
3538,Adrian Peterson,MIN,RB,24.0,7.0,320.9,18.0,1819.0,357.0
3539,Larry Fitzgerald,ARI,WR,30.0,1.0,236.2,10.0,962.0,85.0
3540,Early Doucet,ARI,WR,25.0,0.0,61.6,1.0,296.0,28.0
3541,Mitchell Trubisky,CHI,QB,25.0,5.0,200.82,19.0,3331.0,564.0
3542,Chris Ogbonnaya,CLE,RB,27.0,2.0,114.3,2.0,583.0,97.0
3543,Dustin Keller,NYJ,TE,25.0,1.0,107.9,2.0,529.0,46.0
3544,Matt Ryan,ATL,QB,28.0,5.0,248.1,26.0,4570.0,668.0
3545,Johnny Knox,CHI,WR,25.0,1.0,119.7,2.0,727.0,37.0
3546,Derrick Ward,HOU,RB,31.0,0.0,27.4,2.0,154.0,45.0
3547,Junior Hemingway,KAN,WR,26.0,0.0,22.8,0.0,108.0,12.0
3548,Brian Robiskie,CLE,WR,23.0,0.0,78.0,3.0,310.0,29.0
3549,Carson Wentz,PHI,QB,25.0,9.0,273.74,33.0,3595.0,504.0
3550,Trevone Boykin,SEA,QB,23.0,1.0,7.9,1.0,146.0,26.0
3551,Geno Smith,NYG,QB,27.0,2.0,9.68,1.0,224.0,40.0
3552,Kelvin Benjamin,CAR,WR,25.0,1.0,197.1,7.0,941.0,63.0
3553,Dak Prescott,DAL,QB,26.0,6.0,335.78,33.0,5179.0,648.0
3554,Kenny Stills,NOR,WR,22.0,1.0,173.9,3.0,929.0,64.0
3555,Daniel Lasco,NOR,RB,24.0,0.0,6.300000000000002,0.0,43.0,13.0
3556,Tre Mason,STL,RB,22.0,3.0,51.5,1.0,295.0,93.0
3557,Corey Coleman,CLE,WR,22.0,0.0,93.3,3.0,423.0,35.0
3558,Jason Witten,DAL,TE,35.0,1.0,147.0,5.0,560.0,63.0
3559,Justin Jackson,LAC,RB,24.0,0.0,31.2,0.0,222.0,38.0
3560,Jared Goff,LAR,QB,25.0,10.0,247.52,24.0,4678.0,659.0
3561,Shawn Nelson,BUF,TE,24.0,2.0,36.6,1.0,156.0,17.0
3562,David Johnson,ARI,RB,24.0,4.0,209.8,12.0,1038.0,161.0
3563,James White,NWE,RB,22.0,0.0,11.1,0.0,61.0,14.0
3564,David Carr,NYG,QB,30.0,1.0,21.7,2.0,252.0,42.0
3565,Brad Smith,NYJ,WR,26.0,0.0,41.08,1.0,297.0,26.0
3566,Vincent Brown,SDG,WR,22.0,0.0,63.9,2.0,329.0,19.0
3567,Latavius Murray,MIN,RB,28.0,0.0,129.9,6.0,719.0,162.0
3568,Le'Veon Bell,PIT,RB,22.0,0.0,370.5,11.0,2215.0,373.0
3569,Rashaad Penny,SEA,RB,22.0,0.0,70.4,2.0,494.0,94.0
3570,Michael Vick,PHI,QB,30.0,11.0,308.32,30.0,3694.0,472.0
3571,Leonard Weaver,PHI,RB,27.0,0.0,85.3,4.0,463.0,85.0
3572,Odell Beckham,NYG,WR,25.0,0.0,74.0,3.0,310.0,26.0
3573,Deshaun Watson,HOU,QB,22.0,3.0,164.86,21.0,1968.0,240.0
3574,Lance Kendricks,STL,TE,25.0,0.0,81.8,4.0,258.0,32.0
3575,Tavon Austin,DAL,WR,29.0,1.0,47.4,2.0,224.0,19.0
3576,Adam Thielen,MIN,WR,27.0,3.0,239.7,4.0,1287.0,92.0
3577,Mike Tolbert,SDG,RB,25.0,5.0,180.1,11.0,951.0,207.0
3578,Early Doucet,ARI,WR,26.0,1.0,152.9,5.0,689.0,54.0
3579,Julian Edelman,NWE,WR,26.0,1.0,65.0,3.0,280.0,25.0
3580,Vick Ballard,IND,RB,23.0,0.0,6.8,0.0,58.0,14.0
3581,Brandon Bolden,NWE,RB,24.0,0.0,17.7,1.0,97.0,30.0
3582,C.J. Prosise,SEA,RB,22.0,0.0,61.0,1.0,380.0,47.0
3583,Maurice Morris,DET,RB,30.0,1.0,97.4,2.0,594.0,119.0
3584,Karlos Williams,BUF,RB,22.0,2.0,124.3,9.0,613.0,104.0
3585,Khiry Robinson,NOR,RB,25.0,2.0,64.5,3.0,425.0,84.0
3586,Maurice Jones-Drew,JAX,RB,26.0,6.0,305.0,11.0,1980.0,386.0
3587,Kamar Aiken,IND,WR,28.0,0.0,28.3,0.0,133.0,15.0
3588,Jim Kleinsasser,MIN,TE,32.0,0.0,17.0,0.0,70.0,10.0
3589,Kellen Clemens,LAC,QB,34.0,0.0,-1.06,0.0,31.0,13.0
3590,Case Keenum,DEN,QB,30.0,11.0,214.9,20.0,3983.0,612.0
3591,DeShone Kizer,GNB,QB,22.0,1.0,5.380000000000001,0.0,226.0,47.0
3592,Miles Boykin,BAL,WR,23.0,0.0,50.8,3.0,198.0,13.0
3593,Kyle Rudolph,MIN,TE,23.0,0.0,156.3,9.0,493.0,53.0
3594,Jeremy Kerley,SFO,WR,28.0,4.0,146.7,3.0,667.0,64.0
3595,Tom Brady,NWE,QB,42.0,4.0,261.68,27.0,4091.0,639.0
3596,Kendall Hunter,SFO,RB,23.0,1.0,94.8,2.0,668.0,128.0
3597,James Conner,PIT,RB,23.0,4.0,276.0,13.0,1470.0,270.0
3598,Chester Rogers,IND,WR,23.0,0.0,58.2,1.0,292.0,26.0
3599,James O'Shaughnessy,JAX,TE,25.0,0.0,34.9,1.0,149.0,14.0
3600,Corey Davis,TEN,WR,24.0,1.0,115.1,2.0,601.0,43.0
3601,Clinton Portis,WAS,RB,28.0,1.0,74.1,2.0,551.0,134.0
3602,Larry Donnell,NYG,TE,26.0,4.0,153.3,6.0,623.0,63.0
3603,Ben Watson,CLE,TE,31.0,0.0,90.0,2.0,410.0,37.0
3604,Mark Brunell,NYJ,QB,40.0,0.0,10.68,2.0,117.0,13.0
3605,Drew Brees,NOR,QB,32.0,1.0,387.64,47.0,5562.0,678.0
3606,Eric Decker,NYJ,WR,28.0,1.0,252.7,12.0,1027.0,80.0
3607,Josh Johnson,TAM,QB,25.0,1.0,14.54,1.0,313.0,47.0
3608,Adam Humphries,TAM,WR,23.0,3.0,131.0,2.0,640.0,60.0
3609,Brenton Bersin,CAR,WR,24.0,3.0,34.1,1.0,151.0,13.0
3610,Martellus Bennett,NWE,TE,29.0,0.0,168.1,7.0,711.0,57.0
3611,Terrance Copper,KAN,WR,28.0,0.0,33.7,0.0,157.0,18.0
3612,Mark Ingram,NOR,RB,28.0,3.0,278.0,12.0,1540.0,288.0
3613,T.J. Jones,DET,WR,26.0,0.0,50.0,2.0,190.0,19.0
3614,D.J. Moore,CAR,WR,22.0,2.0,230.5,4.0,1215.0,93.0
3615,Andre Johnson,HOU,WR,32.0,0.0,279.7,5.0,1407.0,109.0
3616,Andre Caldwell,CIN,WR,26.0,0.0,86.7,3.0,317.0,37.0
3617,Chaz Schilens,NYJ,WR,27.0,1.0,66.9,2.0,289.0,28.0
3618,Austin Ekeler,LAC,RB,23.0,1.0,168.8,6.0,958.0,145.0
3619,Dion Lewis,PHI,RB,22.0,0.0,17.3,1.0,93.0,15.0
3620,Reggie Wayne,IND,WR,33.0,0.0,195.0,4.0,960.0,75.0
3621,Amari Cooper,OAK,WR,21.0,1.0,212.7,6.0,1067.0,75.0
3622,Jimmy Graham,NOR,WR,27.0,0.0,303.5,16.0,1215.0,86.0
3623,Wayne Gallman,NYG,RB,24.0,2.0,44.5,1.0,265.0,65.0
3624,JuJu Smith-Schuster,PIT,WR,21.0,0.0,191.7,7.0,917.0,58.0
3625,Braylon Edwards,SFO,WR,28.0,0.0,33.1,0.0,181.0,15.0
3626,Jaylen Samuels,PIT,RB,23.0,1.0,104.4,2.0,515.0,118.0
3627,Mychal Rivera,OAK,TE,24.0,3.0,133.4,4.0,534.0,58.0
3628,Orleans Darkwa,2TM,RB,22.0,0.0,18.1,1.0,71.0,14.0
3629,J.P. Losman,MIA,QB,30.0,1.0,2.5,0.0,61.0,12.0
3630,Blaine Gabbert,ARI,QB,28.0,7.0,59.64,6.0,1168.0,194.0
3631,Santonio Holmes,PIT,WR,25.0,0.0,234.4,5.0,1254.0,83.0
3632,Coby Fleener,IND,TE,25.0,1.0,136.8,4.0,608.0,52.0
3633,LeGarrette Blount,NWE,RB,27.0,3.0,121.0,7.0,810.0,155.0
3634,Troymaine Pope,LAC,RB,26.0,1.0,9.4,1.0,34.0,12.0
3635,Austin Ekeler,LAC,RB,24.0,3.0,309.0,11.0,1550.0,224.0
3636,Antwaan Randle El,WAS,WR,30.0,4.0,99.0,0.0,530.0,50.0
3637,Brandon Gibson,MIA,WR,26.0,0.0,80.6,3.0,326.0,30.0
3638,Emmanuel Sanders,DEN,WR,28.0,2.0,224.4,6.0,1164.0,79.0
3639,Kevin Faulk,NWE,RB,33.0,1.0,116.6,3.0,636.0,99.0
3640,Mark Bradley,KAN,WR,27.0,0.0,71.03999999999998,2.0,366.0,27.0
3641,Jacob Tamme,IND,RB,25.0,0.0,154.1,4.0,631.0,67.0
3642,David Njoku,CLE,TE,21.0,0.0,94.7,4.0,387.0,33.0
3643,Andre Holmes,OAK,WR,27.0,0.0,58.1,4.0,201.0,14.0
3644,Michael Crabtree,OAK,WR,28.0,1.0,231.2,9.0,922.0,85.0
3645,Blaine Gabbert,JAX,QB,22.0,14.0,116.36,12.0,2312.0,461.0
3646,Torrey Smith,SFO,WR,27.0,0.0,64.7,3.0,267.0,20.0
3647,Jonnu Smith,TEN,TE,22.0,0.0,45.7,2.0,157.0,18.0
3648,David Johnson,PIT,RB,24.0,0.0,27.1,1.0,91.0,12.0
3649,Lavelle Hawkins,TEN,WR,25.0,1.0,100.0,1.0,470.0,47.0
3650,Nick Vannett,SEA,TE,24.0,0.0,30.4,1.0,124.0,12.0
3651,Jason Avant,KAN,WR,32.0,0.0,26.9,0.0,119.0,15.0
3652,Tommylee Lewis,NOR,WR,24.0,2.0,15.7,0.0,87.0,10.0
3653,Santonio Holmes,NYJ,WR,27.0,2.0,165.1,8.0,681.0,54.0
3654,Coby Fleener,IND,WR,27.0,0.0,121.1,3.0,491.0,54.0
3655,Demetrius Harris,CLE,TE,28.0,0.0,47.9,3.0,149.0,15.0
3656,Gartrell Johnson,ATL,RB,24.0,1.0,7.2,0.0,42.0,13.0
3657,Devin Hester,CHI,WR,30.0,1.0,53.8,1.0,248.0,26.0
3658,Eddie Royal,SDG,WR,27.0,1.0,158.2,8.0,652.0,50.0
3659,Fred Davis,WAS,TE,24.0,0.0,70.6,3.0,316.0,21.0
3660,Colt McCoy,WAS,QB,28.0,6.0,62.88,5.0,1123.0,144.0
3661,Cooper Kupp,LAR,WR,26.0,3.0,270.5,10.0,1165.0,97.0
3662,Matt Ryan,ATL,QB,24.0,5.0,183.54,23.0,2965.0,481.0
3663,Kyle Rudolph,MIN,TE,29.0,0.0,151.4,4.0,634.0,64.0
3664,Miles Austin,CLE,WR,30.0,0.0,115.8,2.0,568.0,47.0
3665,Joey Haynos,MIA,TE,25.0,1.0,47.2,2.0,162.0,19.0
3666,T.J. Houshmandzadeh,SEA,WR,32.0,2.0,186.1,3.0,911.0,79.0
3667,Kenjon Barner,PHI,RB,25.0,1.0,21.6,0.0,146.0,37.0
3668,Braylon Edwards,NYJ,WR,27.0,1.0,183.8,7.0,908.0,54.0
3669,Chris Hogan,NWE,WR,30.0,0.0,109.6,5.0,456.0,37.0
3670,Bo Scarbrough,DET,RB,23.0,1.0,43.2,1.0,382.0,90.0
3671,Danny Woodhead,SDG,RB,31.0,0.0,27.1,1.0,151.0,25.0
3672,Lee Evans,BUF,WR,28.0,0.0,147.2,7.0,612.0,44.0
3673,Darren McFadden,OAK,RB,26.0,1.0,98.34,6.0,503.0,132.0
3674,Zurlon Tipton,IND,RB,25.0,0.0,12.7,0.0,77.0,10.0
3675,Kellen Winslow,TAM,TE,28.0,2.0,161.3,2.0,763.0,75.0
3676,Matt LaCosse,DEN,TE,26.0,0.0,55.0,1.0,250.0,24.0
3677,Andrew Luck,IND,QB,27.0,6.0,303.7000000000001,33.0,4581.0,609.0
3678,Jason Witten,DAL,TE,34.0,1.0,152.3,3.0,673.0,69.0
3679,Ramses Barden,NYG,WR,26.0,0.0,36.0,0.0,220.0,14.0
3680,Andrew Luck,IND,QB,25.0,13.0,351.74,43.0,5034.0,680.0
3681,Eric Ebron,DET,TE,22.0,0.0,130.7,5.0,537.0,47.0
3682,Kirk Cousins,WAS,QB,29.0,13.0,277.62,31.0,4272.0,589.0
3683,Jordy Nelson,GNB,WR,28.0,0.0,264.4,8.0,1314.0,85.0
3684,Nelson Agholor,PHI,WR,26.0,2.0,92.0,3.0,370.0,41.0
3685,Alex Green,GNB,RB,24.0,1.0,76.9,0.0,589.0,153.0
3686,Zach Zenner,DET,RB,27.0,0.0,57.1,3.0,321.0,62.0
3687,Legedu Naanee,SDG,WR,27.0,1.0,63.89999999999999,1.0,369.0,26.0
3688,Marcedes Lewis,JAX,TE,28.0,0.0,130.0,4.0,540.0,52.0
3689,Owen Schmitt,PHI,RB,25.0,0.0,38.6,1.0,136.0,19.0
3690,Benny Cunningham,STL,RB,25.0,1.0,65.0,0.0,390.0,63.0
3691,Dante Rosario,CAR,TE,26.0,0.0,58.2,0.0,262.0,33.0
3692,Steve Smith,BAL,WR,37.0,0.0,179.9,5.0,799.0,70.0
3693,Michael Floyd,2TM,WR,27.0,0.0,115.8,5.0,488.0,37.0
3694,Jesse James,PIT,TE,22.0,0.0,90.8,3.0,338.0,39.0
3695,Justin Hardy,ATL,WR,27.0,1.0,39.3,2.0,133.0,14.0
3696,Cameron Brate,TAM,TE,25.0,1.0,171.0,8.0,660.0,57.0
3697,Josh Huff,PHI,WR,24.0,0.0,76.2,3.0,312.0,27.0
3698,Denarius Moore,OAK,WR,23.0,1.0,136.9,6.0,679.0,38.0
3699,Chris Givens,2TM,WR,26.0,0.0,63.1,1.0,371.0,24.0
3700,Matt Hasselbeck,IND,QB,40.0,3.0,91.1,9.0,1705.0,272.0
3701,LaRod Stephens-Howling,ARI,RB,22.0,1.0,23.8,1.0,98.0,16.0
3702,Brandon Bolden,NWE,RB,29.0,0.0,50.9,4.0,179.0,24.0
3703,Anthony Miller,CHI,WR,25.0,1.0,127.5,2.0,655.0,53.0
3704,Jeff Driskel,DET,QB,26.0,1.0,58.1,5.0,842.0,128.0
3705,Maurice Jones-Drew,JAX,RB,25.0,2.0,234.1,7.0,1641.0,334.0
3706,Chaz Schilens,OAK,WR,26.0,0.0,62.1,2.0,271.0,23.0
3707,Larry Johnson,2TM,RB,30.0,2.0,79.1,0.0,661.0,193.0
3708,Jameis Winston,TAM,QB,23.0,15.0,199.66,20.0,3639.0,475.0
3709,Kenny Britt,2TM,WR,29.0,0.0,57.6,2.0,256.0,20.0
3710,Kirk Cousins,WAS,QB,27.0,9.0,289.44,34.0,4214.0,569.0
3711,Phillip Tanner,DAL,RB,23.0,0.0,17.5,1.0,95.0,24.0
3712,Da'Rick Rogers,IND,WR,22.0,0.0,45.2,2.0,192.0,15.0
3713,Roddy White,ATL,WR,33.0,3.0,212.1,7.0,921.0,80.0
3714,Joe Flacco,BAL,QB,30.0,5.0,159.94,17.0,2814.0,426.0
3715,Kalif Raymond,TEN,WR,25.0,1.0,29.5,1.0,165.0,10.0
3716,Leonard Hankerson,WAS,WR,24.0,0.0,110.8,3.0,548.0,40.0
3717,Demaryius Thomas,2TM,WR,31.0,0.0,156.7,5.0,677.0,59.0
3718,Kevin Boss,NYG,TE,25.0,0.0,130.29999999999998,5.0,583.0,43.0
3719,Robert Turbin,IND,RB,27.0,0.0,108.3,8.0,343.0,73.0
3720,Allen Hurns,JAX,WR,26.0,0.0,99.4,2.0,484.0,39.0
3721,Fred Davis,WAS,TE,23.0,0.0,134.9,6.0,509.0,48.0
3722,Brandon LaFell,CIN,WR,31.0,1.0,124.8,3.0,548.0,52.0
3723,Keenan Allen,SDG,WR,21.0,2.0,219.6,8.0,1046.0,71.0
3724,De'Anthony Thomas,KAN,WR,21.0,0.0,55.90000000000001,1.0,269.0,37.0
3725,Brian Finneran,ATL,WR,34.0,0.0,53.6,3.0,166.0,19.0
3726,Spencer Larsen,DEN,RB,27.0,0.0,21.0,0.0,120.0,23.0
3727,Sam Bradford,STL,QB,26.0,3.0,116.58,14.0,1718.0,277.0
3728,Nathan Peterman,BUF,QB,24.0,0.0,12.84,2.0,346.0,91.0
3729,Delanie Walker,TEN,TE,30.0,2.0,176.0,4.0,890.0,63.0
3730,Michael Bush,OAK,RB,27.0,1.0,222.5,8.0,1395.0,293.0
3731,Brian Hill,2TM,RB,22.0,0.0,9.3,0.0,73.0,13.0
3732,Chris Owusu,TAM,WR,23.0,0.0,24.4,0.0,114.0,13.0
3733,Greg Ward,PHI,WR,24.0,0.0,59.9,1.0,259.0,29.0
3734,Tom Savage,HOU,QB,26.0,1.0,17.64,0.0,473.0,79.0
3735,Lee Evans,BUF,WR,29.0,2.0,116.8,4.0,578.0,37.0
3736,Nick Boyle,BAL,TE,22.0,0.0,33.3,0.0,153.0,18.0
3737,Tony Romo,DAL,QB,32.0,6.0,275.92,29.0,4951.0,679.0
3738,Terron Ward,ATL,RB,23.0,0.0,31.8,1.0,168.0,38.0
3739,Trey Watts,STL,RB,23.0,0.0,7.8,0.0,48.0,10.0
3740,Gary Barnidge,CLE,TE,28.0,0.0,37.7,2.0,127.0,13.0
3741,Dezmon Briscoe,TAM,WR,22.0,0.0,109.7,6.0,387.0,35.0
3742,Jared Cook,GNB,TE,29.0,1.0,71.7,1.0,377.0,30.0
3743,Greg Olsen,CAR,TE,29.0,1.0,220.8,6.0,1008.0,84.0
3744,Kahlil Bell,2TM,RB,26.0,1.0,8.899999999999997,0.0,89.0,31.0
3745,Brian Leonard,CIN,RB,26.0,0.0,45.8,1.0,198.0,29.0
3746,Jalen Richard,OAK,RB,26.0,2.0,82.8,0.0,468.0,75.0
3747,Brett Favre,MIN,QB,40.0,2.0,281.5800000000001,33.0,4207.0,541.0
3748,Mike Furrey,CLE,WR,32.0,0.0,40.0,0.0,170.0,23.0
3749,Roddy White,ATL,WR,32.0,2.0,150.1,3.0,711.0,63.0
3750,Carson Palmer,ARI,QB,37.0,14.0,241.12,26.0,4271.0,611.0
3751,Jeremy Maclin,KAN,WR,28.0,0.0,109.5,2.0,535.0,46.0
3752,Mike Bell,NOR,RB,26.0,2.0,96.6,5.0,666.0,176.0
3753,Jarius Wright,CAR,WR,29.0,3.0,95.6,1.0,486.0,45.0
3754,Matt Forte,CHI,RB,30.0,2.0,212.7,7.0,1287.0,262.0
3755,Cordarrelle Patterson,MIN,WR,23.0,1.0,93.1,2.0,501.0,43.0
3756,James White,NWE,RB,24.0,0.0,161.7,5.0,717.0,99.0
3757,Jason Snelling,ATL,RB,27.0,2.0,136.7,5.0,627.0,131.0
3758,Brandon LaFell,CIN,WR,30.0,0.0,186.0,6.0,860.0,65.0
3759,Nick Foles,PHI,QB,24.0,4.0,255.74,30.0,3112.0,374.0
3760,Jameis Winston,TAM,QB,24.0,7.0,195.78,20.0,3273.0,427.0
3761,Philip Rivers,LAC,QB,37.0,2.0,275.02,32.0,4315.0,526.0
3762,DeAngelo Williams,CAR,RB,27.0,1.0,57.2,1.0,422.0,98.0
3763,Travis Benjamin,CLE,WR,23.0,1.0,64.39999999999999,2.0,364.0,24.0
3764,Michael Floyd,ARI,WR,26.0,0.0,172.9,6.0,849.0,52.0
3765,Ricardo Louis,CLE,WR,23.0,0.0,62.7,0.0,357.0,27.0
3766,Jason Campbell,OAK,QB,30.0,3.0,78.8,8.0,1230.0,183.0
3767,Randall Cobb,GNB,WR,21.0,3.0,63.0,1.0,380.0,28.0
3768,Randall Cobb,GNB,WR,23.0,0.0,106.1,4.0,511.0,35.0
3769,Frank Gore,IND,RB,32.0,4.0,193.4,7.0,1234.0,294.0
3770,Brock Osweiler,DEN,QB,27.0,2.0,63.92,6.0,1152.0,186.0
3771,Jimmy Garoppolo,SFO,QB,28.0,10.0,243.32,28.0,4040.0,522.0
3772,Aaron Jones,GNB,RB,23.0,0.0,80.0,4.0,470.0,90.0
3773,Brian Hartline,CLE,WR,29.0,1.0,110.3,2.0,523.0,46.0
3774,Jordan Matthews,PHI,WR,23.0,2.0,230.7,8.0,997.0,85.0
3775,Damiere Byrd,CAR,WR,24.0,0.0,33.7,2.0,117.0,11.0
3776,Ben Tate,HOU,RB,25.0,5.0,145.1,4.0,911.0,215.0
3777,Jermaine Gresham,CIN,TE,24.0,2.0,165.7,5.0,737.0,64.0
3778,Rock Cartwright,OAK,RB,31.0,0.0,4.2,0.0,32.0,10.0
3779,Ricky Williams,BAL,RB,34.0,2.0,73.7,2.0,527.0,121.0
3780,Anquan Boldin,SFO,WR,34.0,0.0,219.6,5.0,1066.0,85.0
3781,Donte Moncrief,IND,WR,23.0,0.0,102.6,7.0,306.0,31.0
3782,Donald Driver,GNB,WR,35.0,1.0,129.5,4.0,565.0,51.0
3783,Courtland Sutton,DEN,WR,24.0,2.0,222.42,6.0,1167.0,76.0
3784,Matt Ryan,ATL,QB,27.0,3.0,304.86,33.0,4860.0,649.0
3785,Vernon Davis,WAS,TE,33.0,2.0,121.8,3.0,648.0,43.0
3786,DeAndre Hopkins,HOU,WR,23.0,1.0,329.1,11.0,1521.0,111.0
3787,Drew Brees,NOR,QB,30.0,10.0,293.42,36.0,4417.0,537.0
3788,Jerome Felton,DET,RB,24.0,1.0,19.0,0.0,130.0,30.0
3789,Anthony Fasano,MIA,TE,28.0,0.0,104.2,5.0,332.0,41.0
3790,C.J. Anderson,DET,RB,28.0,0.0,4.3,0.0,43.0,16.0
3791,Braylon Edwards,2TM,WR,29.0,0.0,43.9,1.0,199.0,18.0
3792,Colt McCoy,WAS,QB,33.0,2.0,4.28,0.0,136.0,29.0
3793,Will Heller,DET,TE,28.0,0.0,76.6,3.0,296.0,29.0
3794,Spencer Ware,KAN,RB,27.0,0.0,79.0,2.0,470.0,71.0
3795,Josh Morgan,WAS,WR,28.0,2.0,42.7,0.0,227.0,22.0
3796,Keith Mumphery,HOU,WR,23.0,3.0,26.9,0.0,129.0,14.0
3797,Dallas Clark,BAL,TE,34.0,0.0,83.3,3.0,343.0,31.0
3798,Mike Davis,SEA,RB,24.0,0.0,52.1,0.0,371.0,83.0
3799,Antonio Brown,PIT,WR,22.0,1.0,30.700000000000006,0.0,167.0,16.0
3800,Jason Hill,2TM,WR,25.0,0.0,41.8,1.0,248.0,11.0
3801,George Kittle,SFO,TE,26.0,1.0,222.5,5.0,1075.0,90.0
3802,Seneca Wallace,GNB,QB,33.0,0.0,3.56,0.0,139.0,24.0
3803,Charles Clay,ARI,TE,30.0,0.0,47.7,1.0,237.0,18.0
3804,Mike Goodson,CAR,RB,22.0,1.0,6.4,0.0,64.0,24.0
3805,James White,NWE,RB,25.0,0.0,134.0,3.0,600.0,99.0
3806,Jordan Norwood,CLE,WR,26.0,0.0,26.8,0.0,138.0,14.0
3807,Randy McMichael,SDG,TE,32.0,0.0,57.1,0.0,271.0,30.0
3808,Golden Tate,2TM,WR,30.0,3.0,180.9,4.0,829.0,78.0
3809,Jahvid Best,DET,RB,22.0,0.0,112.7,3.0,677.0,111.0
3810,Dorial Green-Beckham,PHI,WR,23.0,0.0,87.2,2.0,392.0,36.0
3811,Reggie Bonnafon,CAR,RB,23.0,0.0,29.3,1.0,173.0,22.0
3812,Jermaine Kearse,SEA,WR,25.0,1.0,147.5,5.0,685.0,49.0
3813,T.Y. Hilton,IND,WR,29.0,0.0,239.0,6.0,1270.0,76.0
3814,Geno Smith,NYJ,QB,25.0,0.0,20.0,2.0,299.0,44.0
3815,Steve Smith,CAR,WR,34.0,0.0,162.5,4.0,745.0,64.0
3816,Derek Anderson,CAR,QB,32.0,1.0,1.24,0.0,34.0,13.0
3817,James Casey,HOU,RB,27.0,0.0,51.1,1.0,271.0,19.0
3818,Deon Butler,SEA,WR,23.0,0.0,32.5,0.0,175.0,15.0
3819,Deion Branch,SEA,WR,30.0,0.0,99.9,2.0,429.0,46.0
3820,Alfred Morris,WAS,RB,24.0,4.0,252.0,13.0,1690.0,346.0
3821,Jaron Brown,ARI,WR,26.0,0.0,35.7,1.0,187.0,11.0
3822,Kendrick Bourne,SFO,WR,22.0,0.0,41.7,0.0,257.0,16.0
3823,Jay Cutler,CHI,QB,26.0,9.0,223.94,28.0,3839.0,595.0
3824,Dante Rosario,SDG,TE,28.0,1.0,35.5,3.0,95.0,10.0
3825,Ted Ginn,NOR,WR,34.0,0.0,85.9,2.0,439.0,33.0
3826,Alfred Morris,DAL,RB,28.0,0.0,40.4,2.0,254.0,72.0
3827,Matt Leinart,OAK,QB,29.0,0.0,2.6,0.0,115.0,33.0
3828,Peyton Manning,DEN,QB,38.0,6.0,308.68000000000006,39.0,4703.0,621.0
3829,Tashard Choice,DAL,RB,25.0,0.0,81.1,3.0,481.0,79.0
3830,Eli Manning,NYG,QB,35.0,7.0,224.18000000000004,26.0,4018.0,619.0
3831,Aaron Jones,GNB,RB,25.0,3.0,314.8,19.0,1558.0,285.0
3832,Wayne Gallman,NYG,RB,23.0,3.0,104.9,1.0,669.0,145.0
3833,Tony Romo,DAL,QB,34.0,9.0,266.3,34.0,3766.0,461.0
3834,Frank Gore,IND,RB,33.0,2.0,214.2,8.0,1302.0,301.0
3835,Kenneth Darby,STL,RB,27.0,0.0,42.8,0.0,248.0,45.0
3836,Ahmad Bradshaw,IND,RB,29.0,0.0,42.9,3.0,149.0,41.0
3837,Knowshon Moreno,DEN,RB,23.0,3.0,196.1,8.0,1151.0,219.0
3838,Blaine Gabbert,JAX,QB,24.0,2.0,12.439999999999998,1.0,513.0,95.0
3839,Brandin Cooks,LAR,WR,26.0,0.0,117.5,2.0,635.0,48.0
3840,Kendall Wright,TEN,WR,27.0,0.0,90.1,3.0,431.0,30.0
3841,Benny Cunningham,CHI,RB,27.0,1.0,56.9,2.0,269.0,29.0
3842,John Gilmore,TAM,TE,31.0,0.0,35.0,1.0,160.0,13.0
3843,Johnny Knox,CHI,WR,23.0,3.0,123.7,5.0,527.0,45.0
3844,Allen Robinson,CHI,WR,26.0,0.0,254.9,7.0,1149.0,99.0
3845,Danny Woodhead,SDG,RB,28.0,2.0,223.4,8.0,1034.0,182.0
3846,Julio Jones,ATL,WR,27.0,0.0,259.9,6.0,1409.0,83.0
3847,Denarius Moore,OAK,WR,25.0,0.0,145.5,5.0,695.0,46.0
3848,Tony Gonzalez,ATL,TE,36.0,0.0,234.0,8.0,930.0,93.0
3849,Patrick Crayton,SDG,WR,32.0,2.0,51.8,1.0,248.0,23.0
3850,T.J. Houshmandzadeh,BAL,WR,33.0,1.0,87.8,3.0,398.0,30.0
3851,Justin Peelle,ATL,TE,31.0,0.0,25.6,1.0,96.0,10.0
3852,Demetrius Harris,KAN,TE,27.0,0.0,46.4,3.0,164.0,12.0
3853,Ted Ginn,CAR,WR,30.0,0.0,183.9,10.0,799.0,48.0
3854,Josh Reed,BUF,WR,29.0,3.0,60.1,1.0,291.0,27.0
3855,James Starks,GNB,RB,30.0,1.0,58.9,2.0,279.0,82.0
3856,Kevin Boss,OAK,TE,27.0,0.0,82.8,3.0,368.0,28.0
3857,Michael Bush,OAK,RB,26.0,0.0,150.9,8.0,849.0,176.0
3858,Dwayne Allen,NWE,TE,27.0,0.0,24.6,1.0,86.0,10.0
3859,Demaryius Thomas,DEN,WR,27.0,0.0,338.9,11.0,1619.0,111.0
3860,Kyle Boller,OAK,QB,29.0,1.0,0.8,0.0,43.0,11.0
3861,Seth Roberts,OAK,WR,24.0,0.0,110.0,5.0,480.0,32.0
3862,Danario Alexander,STL,WR,25.0,0.0,81.1,2.0,431.0,26.0
3863,Robby Anderson,NYJ,WR,26.0,1.0,160.3,5.0,783.0,53.0
3864,Tom Brady,NWE,QB,40.0,7.0,291.88000000000005,32.0,4605.0,606.0
3865,Kahlil Bell,CHI,RB,25.0,3.0,70.0,1.0,470.0,98.0
3866,Kenyan Drake,MIA,RB,23.0,2.0,140.3,4.0,883.0,165.0
3867,Rex Burkhead,CIN,RB,25.0,1.0,23.8,1.0,98.0,14.0
3868,Michael Vick,PHI,QB,33.0,4.0,101.0,7.0,1519.0,177.0
3869,Devin Aromashodu,MIN,WR,28.0,0.0,29.2,0.0,182.0,11.0
3870,Dominic Rhodes,IND,RB,31.0,1.0,16.599999999999998,0.0,176.0,38.0
3871,Tre Mason,STL,RB,21.0,2.0,135.3,5.0,913.0,195.0
3872,Lamar Miller,HOU,RB,27.0,1.0,172.6,6.0,1136.0,235.0
3873,Fred Taylor,NWE,RB,33.0,1.0,52.6,4.0,286.0,65.0
3874,Donald Driver,GNB,WR,36.0,0.0,117.5,6.0,445.0,37.0
3875,Javorius Allen,NYG,RB,28.0,0.0,11.5,1.0,45.0,11.0
3876,Santonio Holmes,NYJ,WR,28.0,1.0,51.2,1.0,272.0,20.0
3877,Shaun Hill,STL,QB,34.0,7.0,90.28,9.0,1667.0,240.0
3878,Eddie Royal,DEN,WR,24.0,4.0,141.79999999999995,3.0,688.0,65.0
3879,Jimmy Graham,NOR,TE,26.0,1.0,237.2,9.0,982.0,85.0
3880,Alfred Blue,HOU,RB,26.0,0.0,44.6,1.0,316.0,78.0
3881,Sammy Watkins,KAN,WR,26.0,2.0,136.5,3.0,685.0,54.0
3882,Craig Stevens,TEN,TE,26.0,0.0,35.2,2.0,122.0,11.0
3883,Randy Moss,SFO,WR,35.0,1.0,89.4,3.0,434.0,28.0
3884,Ted Ginn,NOR,WR,32.0,2.0,159.6,4.0,826.0,63.0
3885,Reggie Bush,BUF,RB,31.0,1.0,21.7,1.0,87.0,19.0
3886,Ahmad Bradshaw,NYG,RB,25.0,1.0,190.6,11.0,926.0,205.0
3887,Kapri Bibbs,DEN,RB,23.0,0.0,28.4,1.0,204.0,31.0
3888,Carlos Hyde,2TM,RB,28.0,2.0,98.4,5.0,604.0,182.0
3889,Josh Gordon,2TM,WR,27.0,0.0,138.7,4.0,737.0,41.0
3890,Curtis Samuel,CAR,WR,22.0,1.0,136.8,7.0,578.0,47.0
3891,Logan Paulsen,WAS,TE,24.0,0.0,24.8,0.0,138.0,11.0
3892,Rhett Ellison,MIN,TE,27.0,0.0,29.4,1.0,124.0,11.0
3893,Charlie Frye,OAK,QB,28.0,0.0,23.34,1.0,622.0,91.0
3894,Austin Hooper,ATL,TE,23.0,0.0,119.6,3.0,526.0,49.0
3895,Nate Burleson,DET,WR,31.0,0.0,67.8,2.0,288.0,35.0
3896,Michael Turner,ATL,RB,28.0,2.0,225.6,12.0,1456.0,346.0
3897,Andre Holmes,2TM,WR,30.0,0.0,29.2,0.0,162.0,13.0
3898,Quincy Enunwa,NYJ,WR,24.0,0.0,168.89999999999995,4.0,869.0,59.0
3899,Eldra Buckley,PHI,RB,24.0,0.0,10.4,1.0,44.0,15.0
3900,Donald Brown,IND,RB,22.0,1.0,74.0,3.0,450.0,89.0
3901,Roy Helu,OAK,RB,27.0,0.0,26.4,1.0,114.0,26.0
3902,Elijah McGuire,NYJ,RB,24.0,2.0,85.9,4.0,469.0,111.0
3903,Michael Vick,PHI,QB,31.0,10.0,233.02,19.0,3892.0,499.0
3904,Quinton Ganther,WAS,RB,25.0,0.0,57.0,3.0,300.0,71.0
3905,Steve Slaton,2TM,RB,25.0,0.0,17.7,1.0,87.0,27.0
3906,Robert Meachem,NOR,WR,27.0,0.0,139.8,6.0,638.0,44.0
3907,Paul Richardson,SEA,WR,24.0,0.0,56.3,1.0,293.0,22.0
3908,Marcel Reece,OAK,RB,28.0,0.0,111.78,4.0,571.0,79.0
3909,Curtis Painter,NYG,QB,28.0,2.0,-1.92,0.0,55.0,19.0
3910,Drew Stanton,ARI,QB,33.0,3.0,50.46,6.0,901.0,168.0
3911,Alex Erickson,CIN,WR,26.0,1.0,36.90000000000001,0.0,189.0,23.0
3912,Tom Brady,NWE,QB,33.0,3.0,299.0,37.0,3930.0,523.0
3913,Thaddeus Lewis,BUF,QB,28.0,7.0,58.88,5.0,1144.0,181.0
3914,Cameron Brate,TAM,TE,27.0,1.0,92.9,6.0,289.0,30.0
3915,Lex Hilliard,MIA,RB,27.0,0.0,20.0,1.0,90.0,21.0
3916,Brian St. Pierre,CAR,QB,31.0,0.0,6.92,1.0,173.0,28.0
3917,Justice Hill,BAL,RB,22.0,0.0,49.5,2.0,295.0,66.0
3918,Domenik Hixon,NYG,WR,25.0,3.0,35.7,1.0,187.0,15.0
3919,Alex Smith,SFO,QB,28.0,3.0,122.68,13.0,1869.0,249.0
3920,Brandon LaFell,NWE,WR,28.0,1.0,210.6,7.0,966.0,76.0
3921,John Skelton,ARI,QB,22.0,3.0,33.38,2.0,711.0,136.0
3922,Jordan Cameron,CLE,TE,25.0,1.0,213.7,7.0,917.0,80.0
3923,Keelan Cole,JAX,WR,26.0,0.0,78.7,3.0,367.0,25.0
3924,Brad Smith,BUF,WR,28.0,0.0,65.7,2.0,327.0,44.0
3925,David Johnson,ARI,RB,26.0,2.0,13.0,0.0,90.0,17.0
3926,Steve Smith,CAR,WR,33.0,1.0,215.1,4.0,1201.0,76.0
3927,Kenny Britt,STL,WR,27.0,0.0,122.1,3.0,681.0,36.0
3928,Scott Tolzien,IND,QB,30.0,1.0,1.32,0.0,130.0,20.0
3929,Chris Baker,NWE,TE,30.0,0.0,40.2,2.0,142.0,14.0
3930,Adrian Peterson,2TM,RB,32.0,3.0,78.9,2.0,599.0,167.0
3931,Randall Cobb,GNB,WR,28.0,2.0,86.3,2.0,383.0,38.0
3932,Jonathan Stewart,CAR,RB,23.0,4.0,105.3,3.0,873.0,186.0
3933,Donald Brown,SDG,RB,28.0,1.0,45.7,1.0,317.0,67.0
3934,Amari Cooper,OAK,WR,23.0,1.0,158.4,7.0,684.0,49.0
3935,Jordan Cameron,MIA,TE,27.0,1.0,91.6,3.0,386.0,35.0
3936,Julius Thomas,DEN,TE,26.0,1.0,163.9,12.0,489.0,43.0
3937,Darrius Heyward-Bey,PIT,WR,28.0,0.0,64.4,2.0,314.0,21.0
3938,Montell Owens,JAX,RB,28.0,0.0,46.2,1.0,322.0,50.0
3939,Jake Locker,TEN,QB,25.0,3.0,99.74,10.0,1411.0,207.0
3940,Kyle Allen,CAR,QB,22.0,0.0,26.54,3.0,285.0,36.0
3941,Brent Celek,PHI,TE,30.0,1.0,84.8,3.0,398.0,27.0
3942,Victor Cruz,NYG,WR,25.0,1.0,287.9000000000001,9.0,1539.0,83.0
3943,A.J. Green,CIN,WR,29.0,2.0,226.8,8.0,1078.0,75.0
3944,Myles Gaskin,MIA,RB,22.0,0.0,31.4,1.0,184.0,43.0
3945,Cody Latimer,NYG,WR,27.0,0.0,66.0,2.0,300.0,24.0
3946,Brian Hoyer,ARI,QB,27.0,1.0,13.8,1.0,336.0,54.0
3947,Seth Roberts,BAL,WR,28.0,0.0,60.1,2.0,271.0,21.0
3948,Jordy Nelson,GNB,WR,24.0,3.0,66.0,2.0,320.0,22.0
3949,Kendall Wright,TEN,WR,23.0,1.0,149.0,4.0,630.0,65.0
3950,Louis Murphy,OAK,WR,23.0,2.0,116.2,2.0,652.0,42.0
3951,Matt Hasselbeck,SEA,QB,34.0,11.0,161.06,17.0,3148.0,514.0
3952,Jed Collins,NOR,RB,27.0,0.0,29.9,1.0,99.0,29.0
3953,Latavius Murray,MIN,RB,27.0,1.0,157.5,8.0,945.0,231.0
3954,Colin Kaepernick,SFO,QB,29.0,9.0,198.44,18.0,2709.0,400.0
3955,Paxton Lynch,DEN,QB,22.0,2.0,28.38,2.0,522.0,94.0
3956,Daniel Fells,STL,TE,27.0,0.0,92.1,2.0,391.0,41.0
3957,Michael Crabtree,OAK,WR,30.0,1.0,167.8,8.0,618.0,58.0
3958,Dante Rosario,CHI,RB,30.0,1.0,25.6,0.0,116.0,16.0
3959,Jimmy Clausen,2TM,QB,28.0,1.0,33.160000000000004,2.0,775.0,136.0
3960,Lance Moore,NOR,WR,28.0,0.0,162.7,8.0,627.0,52.0
3961,Marshawn Lynch,SEA,RB,33.0,0.0,9.4,1.0,34.0,12.0
3962,Marcus Mariota,TEN,QB,22.0,10.0,205.02,22.0,3111.0,405.0
3963,Eddie Royal,CHI,WR,29.0,0.0,66.7,1.0,237.0,38.0
3964,Jordan Todman,JAX,RB,24.0,0.0,75.4,2.0,384.0,57.0
3965,Cody Core,CIN,WR,22.0,0.0,37.0,0.0,200.0,17.0
3966,Garrett Graham,HOU,RB,26.0,0.0,72.3,3.0,263.0,28.0
3967,Greg Lewis,MIN,WR,30.0,0.0,36.7,0.0,197.0,17.0
3968,Demarcus Robinson,KAN,WR,25.0,0.0,100.9,4.0,449.0,32.0
3969,Rueben Randle,NYG,WR,23.0,0.0,182.8,3.0,938.0,71.0
3970,Raheem Mostert,SFO,RB,27.0,2.0,165.2,10.0,952.0,151.0
3971,Devonta Freeman,ATL,RB,26.0,0.0,14.1,0.0,91.0,19.0
3972,Doug Baldwin,SEA,WR,24.0,0.0,83.6,3.0,366.0,29.0
3973,Ernest Wilford,JAX,TE,30.0,0.0,29.3,1.0,123.0,11.0
3974,Deshaun Watson,HOU,QB,23.0,9.0,331.7000000000001,31.0,4716.0,604.0
3975,Martellus Bennett,DAL,TE,23.0,1.0,59.0,0.0,260.0,33.0
3976,Paul Perkins,NYG,RB,23.0,0.0,21.6,0.0,136.0,49.0
3977,Eric Ebron,DET,TE,21.0,0.0,55.8,1.0,248.0,25.0
3978,Jacquizz Rodgers,ATL,RB,23.0,1.0,141.3,4.0,673.0,148.0
3979,DeSean Jackson,TAM,WR,32.0,0.0,151.3,5.0,803.0,47.0
3980,Rob Gronkowski,NWE,TE,23.0,1.0,198.0,11.0,790.0,55.0
3981,Felix Jones,DAL,RB,24.0,5.0,114.6,1.0,796.0,160.0
3982,Beanie Wells,ARI,RB,24.0,1.0,54.8,5.0,258.0,89.0
3983,Marques Colston,NOR,WR,26.0,2.0,230.0,9.0,1080.0,71.0
3984,Greg Olsen,CAR,RB,26.0,1.0,127.0,5.0,540.0,45.0
3985,Mike Cox,KAN,RB,24.0,0.0,24.4,1.0,84.0,13.0
3986,Knowshon Moreno,DEN,RB,24.0,1.0,43.0,1.0,280.0,48.0
3987,Kenneth Dixon,BAL,RB,24.0,2.0,54.4,2.0,384.0,66.0
3988,Justin Forsett,3TM,RB,31.0,2.0,61.6,1.0,376.0,107.0
3989,Josh Morgan,CHI,WR,29.0,0.0,26.0,1.0,100.0,12.0
3990,Ryan Switzer,DAL,WR,23.0,1.0,8.6,0.0,46.0,10.0
3991,Stevan Ridley,PIT,RB,29.0,2.0,14.8,1.0,98.0,32.0
3992,Greg Jennings,GNB,WR,26.0,0.0,203.3,4.0,1113.0,68.0
3993,Zach Miller,OAK,TE,24.0,0.0,164.5,3.0,805.0,66.0
3994,Mark Ingram,NOR,RB,29.0,3.0,142.5,7.0,815.0,159.0
3995,Alfred Blue,HOU,RB,27.0,0.0,97.3,2.0,653.0,170.0
3996,Lamar Miller,MIA,RB,21.0,0.0,41.5,1.0,295.0,57.0
3997,Carson Palmer,CIN,QB,30.0,6.0,207.06,24.0,3187.0,505.0
3998,Rod Streater,SFO,WR,28.0,0.0,49.1,2.0,191.0,18.0
3999,Charlie Whitehurst,SEA,QB,28.0,2.0,32.58,3.0,550.0,119.0
4000,Jimmy Graham,GNB,TE,32.0,0.0,130.6,2.0,636.0,55.0
4001,Larry Fitzgerald,ARI,WR,33.0,2.0,243.8,6.0,1028.0,110.0
4002,Marquise Goodwin,SFO,WR,27.0,0.0,168.6,2.0,1006.0,60.0
4003,Akeem Hunt,HOU,RB,22.0,0.0,19.5,0.0,135.0,23.0
4004,Coby Fleener,NOR,TE,29.0,0.0,63.5,2.0,295.0,22.0
4005,Sammy Morris,DAL,RB,34.0,0.0,16.1,0.0,111.0,33.0
4006,Tony Romo,DAL,QB,30.0,0.0,99.1,11.0,1654.0,219.0
4007,Mike Bell,2TM,RB,27.0,2.0,23.6,0.0,166.0,54.0
4008,Darren Fells,ARI,TE,30.0,0.0,35.4,1.0,154.0,14.0
4009,DeAndre Carter,HOU,WR,26.0,2.0,25.2,0.0,162.0,11.0
4010,Case Keenum,LAR,QB,28.0,5.0,111.14,10.0,2252.0,342.0
4011,Rashad Jennings,JAX,RB,27.0,3.0,70.3,2.0,413.0,120.0
4012,Leonard Fournette,JAX,RB,24.0,1.0,259.4,3.0,1674.0,341.0
4013,Ben Obomanu,SEA,WR,27.0,0.0,105.1,4.0,511.0,32.0
4014,Benny Cunningham,STL,RB,24.0,2.0,124.8,4.0,598.0,111.0
4015,Eddie Royal,SDG,WR,26.0,1.0,54.6,1.0,256.0,26.0
4016,Adrian Peterson,MIN,RB,31.0,1.0,9.0,0.0,80.0,40.0
4017,Brandon Bolden,NWE,RB,25.0,0.0,69.7,2.0,387.0,82.0
4018,Tavon Austin,LAR,WR,27.0,5.0,42.7,1.0,317.0,72.0
4019,Charone Peake,NYJ,WR,24.0,0.0,37.6,0.0,186.0,19.0
4020,Kevin Smith,DET,RB,26.0,0.0,43.3,2.0,213.0,47.0
4021,Austin Collie,IND,WR,26.0,0.0,111.4,1.0,514.0,54.0
4022,Luke McCown,JAX,QB,29.0,0.0,5.2,0.0,124.0,20.0
4023,Plaxico Burress,NYJ,WR,34.0,0.0,154.2,8.0,612.0,45.0
4024,Sammy Watkins,LAR,WR,24.0,0.0,146.3,8.0,593.0,39.0
4025,Darren McFadden,OAK,RB,27.0,1.0,120.6,2.0,746.0,192.0
4026,Chester Taylor,MIN,RB,30.0,2.0,128.7,2.0,727.0,138.0
4027,Kenneth Dixon,BAL,RB,22.0,1.0,102.4,3.0,544.0,118.0
4028,Marshawn Lynch,BUF,RB,23.0,3.0,100.9,2.0,629.0,148.0
4029,Mark Sanchez,NYJ,QB,25.0,10.0,237.26,32.0,3577.0,580.0
4030,Reggie Wayne,IND,WR,32.0,1.0,280.5,6.0,1355.0,111.0
4031,Peyton Manning,DEN,QB,36.0,2.0,308.9600000000001,37.0,4665.0,606.0
4032,Donald Jones,BUF,WR,23.0,0.0,45.4,1.0,214.0,21.0
4033,Parris Campbell,IND,WR,22.0,3.0,38.1,1.0,161.0,22.0
4034,DeAndre Washington,OAK,RB,25.0,1.0,11.4,0.0,124.0,31.0
4035,Pierre Garcon,WAS,WR,28.0,0.0,161.2,3.0,752.0,69.0
4036,Chris Gragg,BUF,TE,25.0,0.0,27.0,0.0,150.0,12.0
4037,Anquan Boldin,SFO,WR,33.0,0.0,246.0,7.0,1190.0,87.0
4038,Jerious Norwood,STL,RB,28.0,0.0,4.1,0.0,61.0,25.0
4039,Robert Woods,BUF,WR,22.0,1.0,162.9,5.0,699.0,65.0
4040,Jon Hilliman,NYG,RB,24.0,2.0,8.2,0.0,92.0,33.0
4041,Torrey Smith,BAL,WR,23.0,0.0,183.4,8.0,864.0,52.0
4042,Bernard Scott,CIN,RB,26.0,2.0,50.9,1.0,359.0,72.0
4043,Jeremy Maclin,PHI,WR,21.0,0.0,156.60000000000005,4.0,766.0,58.0
4044,Larry Fitzgerald,ARI,WR,26.0,0.0,284.2,13.0,1092.0,97.0
4045,Joique Bell,DET,RB,28.0,5.0,198.2,8.0,1182.0,257.0
4046,Jamaal Williams,GNB,RB,22.0,0.0,142.8,6.0,818.0,178.0
4047,Zay Jones,BUF,WR,23.0,1.0,163.2,7.0,652.0,58.0
4048,Greg Jennings,MIN,WR,31.0,1.0,169.2,6.0,742.0,59.0
4049,Derek Anderson,BUF,QB,35.0,3.0,6.500000000000003,0.0,464.0,71.0
4050,Brian Westbrook,SFO,RB,31.0,0.0,95.0,5.0,490.0,93.0
4051,Jerome Harrison,CLE,RB,26.0,2.0,180.2,7.0,1082.0,228.0
4052,Russell Wilson,SEA,QB,27.0,7.0,336.2600000000001,35.0,4577.0,586.0
4053,Ahman Green,GNB,RB,32.0,0.0,26.8,1.0,178.0,44.0
4054,Jay Ajayi,MIA,RB,23.0,4.0,215.3,8.0,1423.0,287.0
4055,Philip Rivers,SDG,QB,33.0,8.0,265.64,31.0,4388.0,607.0
4056,Anthony Sherman,KAN,RB,25.0,1.0,37.8,1.0,158.0,20.0
4057,Alshon Jeffery,PHI,WR,28.0,1.0,185.3,6.0,843.0,65.0
4058,Matt Hasselbeck,IND,QB,38.0,0.0,3.0,0.0,128.0,14.0
4059,Ted Ginn,ARI,WR,29.0,3.0,34.0,0.0,206.0,18.0
4060,George Kittle,SFO,TE,24.0,0.0,106.5,2.0,515.0,43.0
4061,Chris Johnson,TEN,RB,28.0,3.0,240.2,10.0,1422.0,321.0
4062,Derek Hagan,TEN,WR,30.0,0.0,50.4,1.0,254.0,19.0
4063,Tyrod Taylor,BUF,QB,27.0,4.0,266.92,23.0,3603.0,531.0
4064,Steve Slaton,HOU,RB,23.0,7.0,161.4,7.0,854.0,175.0
4065,Stedman Bailey,STL,WR,25.0,0.0,36.2,1.0,182.0,12.0
4066,Davante Adams,GNB,WR,22.0,0.0,100.6,3.0,446.0,38.0
4067,DaeSean Hamilton,DEN,WR,23.0,0.0,66.3,2.0,243.0,30.0
4068,John Carlson,SEA,TE,26.0,0.0,68.8,1.0,318.0,31.0
4069,Zach Ertz,PHI,TE,24.0,1.0,144.2,3.0,702.0,58.0
4070,Nick Boyle,BAL,TE,26.0,0.0,75.1,2.0,321.0,31.0
4071,Keith Mumphery,HOU,WR,24.0,0.0,16.9,0.0,69.0,10.0
4072,Mike Evans,TAM,WR,24.0,1.0,201.1,5.0,1001.0,71.0
4073,Jordan Cameron,CLE,TE,26.0,0.0,78.4,2.0,424.0,24.0
4074,D'Onta Foreman,HOU,RB,21.0,2.0,57.0,2.0,410.0,84.0
4075,Denard Robinson,JAX,WR,25.0,3.0,68.0,1.0,430.0,88.0
4076,Darrel Young,WAS,RB,28.0,1.0,9.2,0.0,32.0,12.0
4077,Leonard Pope,KAN,TE,28.0,0.0,54.7,1.0,247.0,24.0
4078,Vance McDonald,PIT,TE,28.0,2.0,133.0,4.0,610.0,50.0
4079,Derek Carr,OAK,QB,28.0,7.0,244.36,23.0,4136.0,540.0
4080,T.J. Yeldon,BUF,RB,26.0,1.0,29.7,0.0,187.0,30.0
4081,Delanie Walker,TEN,TE,32.0,1.0,188.1,7.0,811.0,67.0
4082,Tyler Higbee,LAR,TE,24.0,0.0,60.5,1.0,295.0,25.0
4083,John Conner,NYJ,RB,23.0,0.0,13.3,1.0,53.0,10.0
4084,Damian Williams,TEN,WR,23.0,0.0,134.2,5.0,592.0,45.0
4085,Stevan Ridley,NWE,RB,23.0,4.0,205.4,12.0,1314.0,296.0
4086,Michael Jenkins,ATL,WR,27.0,0.0,119.5,1.0,635.0,50.0
4087,Zac Stacy,NYJ,RB,24.0,0.0,30.4,1.0,154.0,40.0
4088,Jacoby Ford,OAK,WR,23.0,3.0,107.5,4.0,625.0,35.0
4089,Jerious Norwood,ATL,RB,26.0,1.0,66.8,1.0,438.0,95.0
4090,Jacob Tamme,DEN,TE,29.0,1.0,34.9,2.0,109.0,14.0
4091,Damion Ratley,CLE,WR,23.0,0.0,27.4,0.0,144.0,13.0
4092,Scott Chandler,NWE,TE,30.0,0.0,72.9,4.0,259.0,23.0
4093,Joe Flacco,DEN,QB,34.0,8.0,82.88,6.0,1842.0,274.0
4094,Russell Wilson,SEA,QB,25.0,12.0,270.18,27.0,3896.0,503.0
4095,Kenny Britt,TEN,WR,21.0,1.0,128.1,3.0,701.0,42.0
4096,Austin Pettis,STL,WR,23.0,2.0,52.0,0.0,250.0,28.0
4097,Brian Hoyer,CLE,QB,29.0,4.0,156.94,12.0,3365.0,462.0
4098,Bennie Fowler,DEN,WR,26.0,1.0,82.0,3.0,350.0,29.0
4099,Giovani Bernard,CIN,RB,28.0,2.0,68.4,0.0,404.0,83.0
4100,Ben Watson,NOR,WR,33.0,0.0,53.6,2.0,226.0,19.0
4101,Mark Ingram,NOR,RB,25.0,3.0,191.9,9.0,1109.0,255.0
4102,Kendall Gaskins,SFO,RB,25.0,0.0,18.7,0.0,107.0,24.0
4103,Jonathan Grimes,HOU,RB,26.0,0.0,83.5,2.0,455.0,83.0
4104,Ryan Mathews,SDG,RB,25.0,2.0,136.9,1.0,959.0,223.0
4105,Johnnie Lee Higgins,OAK,WR,27.0,0.0,20.3,0.0,103.0,10.0
4106,Kyle Juszczyk,SFO,RB,28.0,0.0,50.6,1.0,246.0,23.0
4107,Mark Walton,CIN,RB,21.0,0.0,12.5,0.0,75.0,19.0
4108,Andre Holmes,BUF,WR,29.0,0.0,43.0,3.0,120.0,13.0
4109,Michael Crabtree,SFO,WR,26.0,1.0,53.4,1.0,284.0,19.0
4110,Donald Brown,IND,RB,25.0,0.0,66.0,1.0,510.0,117.0
4111,JJ Arcega-Whiteside,PHI,WR,23.0,0.0,32.9,1.0,169.0,10.0
4112,Jalin Marshall,NYJ,WR,21.0,4.0,38.2,2.0,162.0,14.0
4113,Will Ta'ufo'ou,JAX,RB,27.0,0.0,14.1,0.0,41.0,11.0
4114,Stanley Havili,IND,RB,26.0,0.0,37.5,1.0,135.0,25.0
4115,Melvin Gordon,LAC,RB,25.0,1.0,271.5,14.0,1375.0,225.0
4116,Phillip Dorsett,IND,WR,23.0,1.0,98.8,2.0,538.0,35.0
4117,Marion Barber,CHI,RB,28.0,1.0,86.2,6.0,472.0,119.0
4118,Melvin Gordon,LAC,RB,26.0,4.0,180.8,9.0,908.0,204.0
4119,Steve Smith,CAR,WR,32.0,3.0,262.0,7.0,1450.0,85.0
4120,Jeremy Kerley,NYJ,WR,23.0,3.0,68.83999999999999,1.0,383.0,35.0
4121,Ryan Grant,IND,WR,28.0,0.0,74.4,1.0,334.0,35.0
4122,Devin Hester,CHI,WR,29.0,5.0,68.30000000000001,1.0,363.0,27.0
4123,Vyncint Smith,NYJ,WR,23.0,1.0,48.7,1.0,277.0,20.0
4124,Matt Schaub,HOU,QB,31.0,4.0,223.82,22.0,3993.0,566.0
4125,Kevin Smith,DET,RB,25.0,1.0,115.5,7.0,535.0,94.0
4126,Steve Smith,PHI,WR,26.0,1.0,29.4,1.0,124.0,11.0
4127,Ben Watson,NOR,TE,34.0,0.0,45.6,2.0,136.0,20.0
4128,Roddy White,ATL,WR,31.0,1.0,269.1,7.0,1351.0,92.0
4129,Steve Slaton,HOU,RB,24.0,0.0,13.4,0.0,104.0,22.0
4130,Dion Lewis,NWE,RB,25.0,2.0,120.2,4.0,622.0,85.0
4131,Samaje Perine,WAS,RB,22.0,2.0,108.5,2.0,785.0,197.0
4132,Travis Kelce,KAN,TE,28.0,0.0,233.5,8.0,1045.0,86.0
4133,Jordy Nelson,OAK,WR,33.0,1.0,154.70000000000005,3.0,737.0,64.0
4134,Cyrus Gray,KAN,RB,24.0,0.0,14.0,0.0,70.0,16.0
4135,Phillip Dorsett,NWE,WR,26.0,0.0,100.8,5.0,418.0,32.0
4136,Wendell Smallwood,PHI,RB,23.0,0.0,46.7,1.0,277.0,60.0
4137,Lawrence Vickers,DAL,RB,29.0,0.0,24.5,0.0,115.0,16.0
4138,Kenjon Barner,ATL,RB,29.0,4.0,9.12,0.0,53.0,11.0
4139,Steven Jackson,ATL,RB,31.0,0.0,141.5,6.0,855.0,210.0
4140,Scott Chandler,BUF,TE,29.0,0.0,114.7,3.0,497.0,47.0
4141,Adrian Peterson,WAS,RB,33.0,3.0,189.0,8.0,1250.0,271.0
4142,Donald Driver,GNB,WR,34.0,2.0,211.4,6.0,1074.0,71.0
4143,Tyler Kroft,CIN,TE,25.0,0.0,124.4,7.0,404.0,42.0
4144,Dion Sims,MIA,TE,24.0,1.0,34.7,1.0,127.0,18.0
4145,Ben Watson,CLE,TE,30.0,0.0,162.20000000000005,3.0,762.0,69.0
4146,Mark Ingram,NOR,RB,22.0,1.0,91.0,5.0,520.0,133.0
4147,Robert Meachem,NOR,WR,26.0,0.0,139.20000000000002,5.0,652.0,48.0
4148,Danny Amendola,NWE,WR,28.0,0.0,129.4,2.0,634.0,55.0
4149,Gary Barnidge,CLE,TE,31.0,0.0,128.2,2.0,612.0,55.0
4150,DeSean Jackson,WAS,WR,28.0,0.0,209.6,6.0,1176.0,60.0
4151,Ryan Williams,ARI,RB,22.0,2.0,23.8,0.0,208.0,65.0
4152,Riley Cooper,PHI,WR,24.0,0.0,53.5,1.0,315.0,16.0
4153,Trent Taylor,SFO,WR,24.0,1.0,53.5,1.0,215.0,26.0
4154,Jordan Wilkins,IND,RB,24.0,2.0,60.1,1.0,421.0,76.0
4155,Isaiah Crowell,CLE,RB,24.0,1.0,141.5,2.0,1035.0,234.0
4156,Chris Ivory,JAX,RB,28.0,5.0,94.5,3.0,625.0,137.0
4157,James Starks,GNB,RB,25.0,2.0,112.4,1.0,794.0,162.0
4158,Aaron Rodgers,GNB,QB,33.0,8.0,376.02,44.0,4797.0,677.0
4159,Devin Hester,ATL,WR,32.0,2.0,108.0,3.0,540.0,44.0
4160,DeAndre Carter,2TM,WR,25.0,5.0,42.3,0.0,223.0,23.0
4161,Matt Forte,CHI,RB,26.0,2.0,220.7,4.0,1487.0,256.0
4162,Deshaun Watson,HOU,QB,24.0,10.0,318.98,34.0,4271.0,578.0
4163,Jarius Wright,MIN,WR,26.0,1.0,79.10000000000002,0.0,471.0,35.0
4164,Charcandrick West,KAN,RB,25.0,0.0,94.1,3.0,481.0,116.0
4165,James Develin,NWE,RB,30.0,0.0,42.90000000000001,4.0,69.0,18.0
4166,Caleb Hanie,CHI,QB,26.0,1.0,28.32,3.0,711.0,115.0
4167,Tavon Austin,DAL,WR,28.0,0.0,39.5,2.0,195.0,14.0
4168,Brock Osweiler,HOU,QB,26.0,5.0,168.98,17.0,3074.0,541.0
4169,Jerick McKinnon,MIN,RB,25.0,3.0,176.1,5.0,991.0,201.0
4170,Tiquan Underwood,TAM,WR,26.0,0.0,92.0,4.0,440.0,24.0
4171,Corey Davis,TEN,WR,22.0,1.0,69.5,0.0,375.0,34.0
4172,Chris Moore,BAL,WR,23.0,1.0,13.5,0.0,65.0,10.0
4173,Jason Witten,DAL,TE,30.0,0.0,231.9,3.0,1039.0,110.0
4174,Cody Core,CIN,WR,24.0,0.0,35.0,1.0,160.0,13.0
4175,Will Fuller,HOU,WR,22.0,2.0,122.2,2.0,632.0,48.0
4176,James Jones,GNB,WR,31.0,1.0,187.0,8.0,890.0,50.0
4177,Brian Hartline,MIA,WR,23.0,0.0,108.5,4.0,535.0,35.0
4178,Dennis Northcutt,DET,WR,32.0,2.0,74.7,1.0,357.0,35.0
4179,Matt Barkley,CHI,QB,26.0,4.0,71.84,9.0,1615.0,224.0
4180,D'Ernest Johnson,CLE,RB,23.0,0.0,15.2,0.0,92.0,10.0
4181,Ladarius Green,SDG,TE,24.0,0.0,41.6,0.0,226.0,19.0
4182,Brad Hoover,CAR,RB,33.0,1.0,23.5,2.0,75.0,24.0
4183,Travaris Cadet,CAR,RB,29.0,0.0,3.2,0.0,22.0,12.0
4184,Xavier Grimble,PIT,TE,24.0,0.0,34.8,2.0,118.0,11.0
4185,C.J. Prosise,SEA,RB,25.0,1.0,28.8,1.0,148.0,33.0
4186,Rob Gronkowski,NWE,TE,27.0,0.0,97.0,3.0,540.0,25.0
4187,Marqise Lee,JAX,WR,24.0,0.0,43.9,1.0,229.0,20.0
4188,Austin Seferian-Jenkins,2TM,TE,24.0,0.0,34.4,1.0,154.0,13.0
4189,Steven Jackson,ATL,RB,30.0,0.0,148.4,7.0,734.0,190.0
4190,Carson Palmer,CIN,QB,31.0,7.0,221.8,26.0,4020.0,618.0
4191,Alex Collins,SEA,RB,22.0,2.0,35.9,1.0,209.0,42.0
4192,Darren Sproles,PHI,WR,32.0,1.0,149.5,4.0,705.0,138.0
4193,Lee Smith,OAK,TE,31.0,0.0,35.3,3.0,73.0,10.0
4194,Peyton Hillis,NYG,RB,28.0,0.0,30.2,0.0,202.0,36.0
4195,Kenyan Drake,MIA,RB,24.0,2.0,206.2,9.0,1012.0,173.0
4196,DeAndre Washington,OAK,RB,26.0,0.0,121.9,3.0,679.0,144.0
4197,Steven Sims,WAS,WR,22.0,1.0,103.5,5.0,395.0,44.0
4198,Sammy Watkins,BUF,WR,22.0,0.0,218.8,9.0,1048.0,61.0
4199,Eric Ebron,DET,TE,23.0,0.0,144.2,2.0,712.0,62.0
4200,Jay Ajayi,MIA,RB,22.0,0.0,40.7,1.0,277.0,56.0
4201,Bernard Pierce,BAL,RB,22.0,0.0,86.0,2.0,540.0,172.0
4202,Cam Newton,CAR,QB,30.0,2.0,16.68,0.0,570.0,94.0
4203,Marlon Mack,IND,RB,23.0,0.0,179.3,8.0,1173.0,261.0
4204,Greg Olsen,CHI,TE,24.0,0.0,169.2,8.0,612.0,60.0
4205,Cody Kessler,CLE,QB,24.0,0.0,2.94,0.0,125.0,24.0
4206,A.J. Green,CIN,WR,28.0,0.0,186.4,4.0,964.0,66.0
4207,Alfonso Smith,ARI,RB,26.0,2.0,26.200000000000006,1.0,122.0,28.0
4208,Eddie Royal,CHI,WR,30.0,2.0,81.9,2.0,369.0,33.0
4209,Rob Gronkowski,NWE,TE,22.0,0.0,330.9,18.0,1329.0,91.0
4210,Anthony Fasano,KAN,TE,30.0,0.0,71.6,4.0,226.0,25.0
4211,Chris Johnson,TEN,RB,25.0,3.0,272.9,12.0,1609.0,360.0
4212,James Davis,2TM,RB,24.0,0.0,14.5,0.0,105.0,23.0
4213,Brandon Stokley,SEA,WR,34.0,0.0,66.4,0.0,354.0,31.0
4214,Jamie Harper,TEN,RB,23.0,0.0,22.8,3.0,38.0,20.0
4215,Jonathan Stewart,CAR,RB,25.0,2.0,78.30000000000003,2.0,493.0,110.0
4216,Rhett Ellison,MIN,TE,28.0,0.0,20.8,1.0,58.0,10.0
4217,Justin Brown,PIT,WR,23.0,1.0,19.4,0.0,94.0,12.0
4218,Aaron Ripkowski,GNB,RB,25.0,0.0,12.2,0.0,52.0,12.0
4219,Ben Roethlisberger,PIT,QB,30.0,6.0,221.8,26.0,3357.0,475.0
4220,Victor Cruz,NYG,WR,27.0,1.0,194.8,4.0,998.0,73.0
4221,Laurent Robinson,DAL,WR,26.0,0.0,205.8,11.0,858.0,54.0
4222,Juwan Thompson,DEN,RB,23.0,0.0,15.9,0.0,99.0,24.0
4223,Matt Ryan,ATL,QB,34.0,9.0,265.34,27.0,4613.0,650.0
4224,C.J. Prosise,SEA,RB,23.0,0.0,17.0,0.0,110.0,17.0
4225,Cody Latimer,DEN,WR,25.0,1.0,59.7,2.0,287.0,19.0
4226,Derek Anderson,CAR,QB,31.0,2.0,50.44,5.0,725.0,105.0
4227,Brock Osweiler,DEN,QB,25.0,4.0,116.78,11.0,2028.0,296.0
4228,Brian Quick,STL,WR,23.0,0.0,38.6,2.0,156.0,11.0
4229,Nelson Agholor,PHI,WR,22.0,1.0,55.3,1.0,283.0,23.0
4230,Antonio Brown,PIT,WR,27.0,3.0,378.2,10.0,1862.0,139.0
4231,Josh McCown,NYJ,QB,38.0,11.0,205.44000000000003,23.0,3050.0,434.0
4232,Demarcus Robinson,KAN,WR,23.0,0.0,42.2,0.0,212.0,21.0
4233,Matt Forte,NYJ,RB,31.0,1.0,183.6,8.0,1076.0,248.0
4234,Jared Cook,TEN,TE,23.0,0.0,71.1,1.0,361.0,29.0
4235,Kamar Aiken,BAL,WR,27.0,0.0,67.8,1.0,328.0,29.0
4236,Chris Thompson,WAS,RB,25.0,2.0,92.6,2.0,456.0,70.0
4237,Rusty Smith,TEN,QB,23.0,0.0,0.0,0.0,200.0,40.0
4238,Isaiah Crowell,CLE,RB,23.0,2.0,205.1,7.0,1271.0,238.0
4239,Rashad Jennings,JAX,RB,25.0,0.0,118.2,4.0,682.0,110.0
4240,Calvin Johnson,DET,WR,26.0,1.0,359.2000000000001,16.0,1692.0,97.0
4241,Zach Miller,CHI,TE,32.0,0.0,119.6,4.0,486.0,47.0
4242,Cam Newton,CAR,QB,22.0,5.0,366.34,35.0,4784.0,644.0
4243,EJ Manuel,BUF,QB,25.0,2.0,38.84,4.0,625.0,101.0
4244,Devin Aromashodu,CHI,WR,26.0,0.0,24.9,0.0,149.0,10.0
4245,Jamaal Charles,KAN,RB,30.0,0.0,13.4,1.0,54.0,14.0
4246,Gardner Minshew,JAX,QB,23.0,13.0,223.24,21.0,3615.0,537.0
4247,Andre Johnson,HOU,WR,33.0,3.0,190.6,3.0,936.0,85.0
4248,Demaryius Thomas,DEN,WR,26.0,2.0,319.0,14.0,1430.0,92.0
4249,Latavius Murray,NOR,RB,29.0,0.0,157.2,6.0,872.0,180.0
4250,Josh Hill,NOR,TE,25.0,0.0,40.0,2.0,120.0,16.0
4251,Saquon Barkley,NYG,RB,22.0,1.0,244.1,8.0,1441.0,269.0
4252,Malcolm Brown,LAR,RB,26.0,0.0,59.1,5.0,271.0,71.0
4253,Marcus Mariota,TEN,QB,23.0,9.0,259.94,28.0,3775.0,511.0
4254,Jay Cutler,CHI,QB,27.0,10.0,208.16,24.0,3506.0,482.0
4255,Julius Jones,SEA,RB,28.0,0.0,148.5,4.0,895.0,212.0
4256,Jonnu Smith,TEN,TE,24.0,0.0,104.7,3.0,517.0,39.0
4257,Peyton Barber,TAM,RB,25.0,1.0,114.5,7.0,585.0,170.0
4258,Santana Moss,WAS,WR,30.0,2.0,177.0,3.0,910.0,72.0
4259,Tony Romo,DAL,QB,33.0,4.0,258.92,31.0,3866.0,555.0
4260,Pierre Garcon,IND,WR,25.0,2.0,199.5,6.0,975.0,74.0
4261,Branden Oliver,SDG,RB,23.0,0.0,145.3,4.0,853.0,196.0
4262,Drew Stanton,ARI,QB,31.0,0.0,-1.14,0.0,91.0,38.0
4263,Santana Moss,WAS,WR,34.0,2.0,97.7,2.0,477.0,45.0
4264,Damien Williams,MIA,RB,24.0,1.0,93.4,6.0,364.0,58.0
4265,Chad Johnson,NWE,WR,33.0,0.0,48.6,1.0,276.0,15.0
4266,Robert Woods,BUF,WR,23.0,2.0,118.2,3.0,552.0,48.0
4267,Kevin Ogletree,2TM,WR,26.0,0.0,59.9,2.0,269.0,21.0
4268,Mario Manningham,SFO,WR,26.0,2.0,97.3,1.0,513.0,45.0
4269,Jeremy Langford,CHI,RB,24.0,0.0,145.6,7.0,816.0,170.0
4270,Jerick McKinnon,MIN,RB,23.0,0.0,83.4,3.0,444.0,73.0
4271,Cooper Kupp,LAR,WR,25.0,0.0,135.1,6.0,591.0,44.0
4272,Lamar Miller,MIA,RB,23.0,3.0,223.4,9.0,1374.0,254.0
4273,Larry Fitzgerald,ARI,WR,36.0,1.0,177.4,4.0,804.0,75.0
